              precision    recall  f1-score   support

           0       0.17      0.18      0.17        33
           1       0.07      0.04      0.05        28
           2       0.12      0.13      0.13        31
           3       0.27      0.24      0.25        38
           4       0.03      0.07      0.04        15
           5       0.08      0.07      0.08        29
           6       0.07      0.08      0.08        25
           7       0.12      0.17      0.14        30
           8       0.14      0.16      0.15        19
           9       0.21      0.14      0.17        29

    accuracy                           0.13       277
   macro avg       0.13      0.13      0.13       277
weighted avg       0.14      0.13      0.13       277
