              precision    recall  f1-score   support

           0       0.23      0.21      0.22        33
           1       0.00      0.00      0.00        28
           2       0.15      0.13      0.14        31
           3       0.19      0.18      0.19        38
           4       0.00      0.00      0.00        15
           5       0.09      0.07      0.08        29
           6       0.10      0.08      0.09        25
           7       0.15      0.33      0.21        30
           8       0.16      0.16      0.16        19
           9       0.15      0.07      0.10        29

    accuracy                           0.13       277
   macro avg       0.12      0.12      0.12       277
weighted avg       0.13      0.13      0.13       277
