              precision    recall  f1-score   support

           0       0.27      0.18      0.22        33
           1       0.00      0.00      0.00        28
           2       0.17      0.16      0.16        31
           3       0.21      0.18      0.20        38
           4       0.06      0.13      0.08        15
           5       0.12      0.07      0.09        29
           6       0.10      0.08      0.09        25
           7       0.15      0.33      0.21        30
           8       0.12      0.16      0.14        19
           9       0.13      0.07      0.09        29

    accuracy                           0.14       277
   macro avg       0.13      0.14      0.13       277
weighted avg       0.14      0.14      0.13       277
