              precision    recall  f1-score   support

           0       0.21      0.21      0.21        33
           1       0.04      0.04      0.04        28
           2       0.21      0.16      0.18        31
           3       0.12      0.08      0.09        38
           4       0.03      0.07      0.05        15
           5       0.08      0.10      0.09        29
           6       0.21      0.24      0.22        25
           7       0.14      0.17      0.15        30
           8       0.14      0.11      0.12        19
           9       0.20      0.14      0.16        29

    accuracy                           0.13       277
   macro avg       0.14      0.13      0.13       277
weighted avg       0.14      0.13      0.14       277
