              precision    recall  f1-score   support

           0       0.22      0.18      0.20        33
           1       0.00      0.00      0.00        28
           2       0.17      0.13      0.15        31
           3       0.23      0.21      0.22        38
           4       0.00      0.00      0.00        15
           5       0.05      0.03      0.04        29
           6       0.10      0.08      0.09        25
           7       0.14      0.33      0.19        30
           8       0.16      0.16      0.16        19
           9       0.00      0.00      0.00        29

    accuracy                           0.12       277
   macro avg       0.11      0.11      0.10       277
weighted avg       0.12      0.12      0.11       277
